0;0;0;0;0;0;0;0;0;0;0;0;0;0;0;0;0;0;0;0;0;0;0;0;0;0;0;0;0;0;0;0;0;0;0;0;0;0;0;0;0;0;0;0;0;0;0;0;0;0;0;0;0;0;0;0;0;0;0;0;0;0;0;0;0;0;0;0;0;0;0;0;0;0;0;0;0;0;0;0;0;0;0;0;0;0;0;0;0;0;0;0;0;0;0;0;0;0;0;0
0;0.1596;0.3192;0.4789;0.6385;0.7981;0.9577;1.117;1.277;1.436;1.595;1.755;1.914;2.072;2.231;2.388;2.546;2.703;2.859;3.014;3.168;3.32;3.472;3.621;3.769;3.915;4.059;4.2;4.338;4.473;4.604;4.732;4.855;4.974;5.089;5.198;5.302;5.4;5.492;5.578;5.657;5.729;5.793;5.85;5.9;5.941;5.975;6;6.017;6.025;6.025;6.017;6;5.975;5.941;5.9;5.85;5.793;5.729;5.657;5.578;5.492;5.4;5.302;5.198;5.089;4.974;4.855;4.732;4.604;4.473;4.338;4.2;4.059;3.915;3.769;3.621;3.472;3.32;3.168;3.014;2.859;2.703;2.546;2.388;2.231;2.072;1.914;1.755;1.595;1.436;1.277;1.117;0.9577;0.7981;0.6385;0.4789;0.3192;0.1596;0
0;0.3192;0.6385;0.9578;1.277;1.596;1.915;2.235;2.554;2.872;3.191;3.509;3.827;4.145;4.462;4.777;5.092;5.406;5.718;6.028;6.336;6.642;6.945;7.245;7.541;7.833;8.12;8.402;8.678;8.949;9.212;9.467;9.715;9.953;10.18;10.4;10.61;10.81;10.99;11.16;11.32;11.46;11.59;11.71;11.81;11.89;11.96;12.01;12.04;12.06;12.06;12.04;12.01;11.96;11.89;11.81;11.71;11.59;11.46;11.32;11.16;10.99;10.81;10.61;10.4;10.18;9.953;9.715;9.467;9.212;8.949;8.678;8.402;8.12;7.833;7.541;7.245;6.945;6.642;6.336;6.028;5.718;5.406;5.092;4.777;4.462;4.145;3.827;3.509;3.191;2.872;2.554;2.235;1.915;1.596;1.277;0.9578;0.6385;0.3192;0
0;0.4789;0.9578;1.437;1.916;2.394;2.873;3.352;3.831;4.309;4.787;5.265;5.742;6.218;6.693;7.167;7.64;8.111;8.579;9.045;9.508;9.967;10.42;10.87;11.32;11.75;12.19;12.61;13.03;13.43;13.83;14.21;14.58;14.94;15.29;15.62;15.93;16.22;16.5;16.76;17;17.21;17.41;17.58;17.73;17.86;17.96;18.03;18.08;18.11;18.11;18.08;18.03;17.96;17.86;17.73;17.58;17.41;17.21;17;16.76;16.5;16.22;15.93;15.62;15.29;14.94;14.58;14.21;13.83;13.43;13.03;12.61;12.19;11.75;11.32;10.87;10.42;9.967;9.508;9.045;8.579;8.111;7.64;7.167;6.693;6.218;5.742;5.265;4.787;4.309;3.831;3.352;2.873;2.394;1.916;1.437;0.9578;0.4789;0
0;0.6385;1.277;1.916;2.554;3.193;3.831;4.469;5.108;5.746;6.383;7.02;7.657;8.292;8.926;9.559;10.19;10.82;11.44;12.06;12.68;13.3;13.9;14.5;15.1;15.68;16.26;16.83;17.38;17.92;18.45;18.97;19.47;19.94;20.41;20.85;21.27;21.66;22.03;22.38;22.7;22.99;23.25;23.48;23.68;23.85;23.98;24.08;24.15;24.19;24.19;24.15;24.08;23.98;23.85;23.68;23.48;23.25;22.99;22.7;22.38;22.03;21.66;21.27;20.85;20.41;19.94;19.47;18.97;18.45;17.92;17.38;16.83;16.26;15.68;15.1;14.5;13.9;13.3;12.68;12.06;11.44;10.82;10.19;9.559;8.926;8.292;7.657;7.02;6.383;5.746;5.108;4.469;3.831;3.193;2.554;1.916;1.277;0.6385;0
0;0.7981;1.596;2.394;3.193;3.991;4.789;5.587;6.385;7.183;7.98;8.777;9.573;10.37;11.16;11.95;12.74;13.53;14.31;15.09;15.86;16.63;17.39;18.14;18.89;19.62;20.34;21.05;21.75;22.43;23.1;23.74;24.36;24.97;25.55;26.1;26.62;27.12;27.59;28.02;28.42;28.79;29.12;29.41;29.66;29.87;30.04;30.17;30.25;30.3;30.3;30.25;30.17;30.04;29.87;29.66;29.41;29.12;28.79;28.42;28.02;27.59;27.12;26.62;26.1;25.55;24.97;24.36;23.74;23.1;22.43;21.75;21.05;20.34;19.62;18.89;18.14;17.39;16.63;15.86;15.09;14.31;13.53;12.74;11.95;11.16;10.37;9.573;8.777;7.98;7.183;6.385;5.587;4.789;3.991;3.193;2.394;1.596;0.7981;0
0;0.9577;1.915;2.873;3.831;4.789;5.747;6.705;7.663;8.62;9.578;10.53;11.49;12.44;13.4;14.35;15.3;16.24;17.18;18.12;19.05;19.97;20.89;21.79;22.69;23.57;24.44;25.3;26.14;26.96;27.76;28.53;29.29;30.01;30.71;31.38;32.01;32.61;33.18;33.7;34.19;34.63;35.02;35.37;35.68;35.93;36.14;36.29;36.4;36.45;36.45;36.4;36.29;36.14;35.93;35.68;35.37;35.02;34.63;34.19;33.7;33.18;32.61;32.01;31.38;30.71;30.01;29.29;28.53;27.76;26.96;26.14;25.3;24.44;23.57;22.69;21.79;20.89;19.97;19.05;18.12;17.18;16.24;15.3;14.35;13.4;12.44;11.49;10.53;9.578;8.62;7.663;6.705;5.747;4.789;3.831;2.873;1.915;0.9577;0
0;1.117;2.235;3.352;4.469;5.587;6.705;7.823;8.941;10.06;11.18;12.29;13.41;14.52;15.64;16.75;17.85;18.96;20.06;21.15;22.24;23.32;24.39;25.45;26.5;27.53;28.55;29.56;30.54;31.5;32.44;33.35;34.23;35.09;35.91;36.69;37.44;38.14;38.8;39.42;39.99;40.51;40.98;41.39;41.75;42.05;42.29;42.47;42.59;42.66;42.66;42.59;42.47;42.29;42.05;41.75;41.39;40.98;40.51;39.99;39.42;38.8;38.14;37.44;36.69;35.91;35.09;34.23;33.35;32.44;31.5;30.54;29.56;28.55;27.53;26.5;25.45;24.39;23.32;22.24;21.15;20.06;18.96;17.85;16.75;15.64;14.52;13.41;12.29;11.18;10.06;8.941;7.823;6.705;5.587;4.469;3.352;2.235;1.117;0
0;1.277;2.554;3.831;5.108;6.385;7.663;8.941;10.22;11.5;12.77;14.05;15.33;16.6;17.88;19.15;20.42;21.68;22.94;24.19;25.44;26.68;27.91;29.12;30.32;31.51;32.68;33.83;34.96;36.07;37.15;38.2;39.21;40.19;41.14;42.04;42.9;43.71;44.48;45.19;45.85;46.44;46.98;47.46;47.87;48.22;48.5;48.71;48.85;48.92;48.92;48.85;48.71;48.5;48.22;47.87;47.46;46.98;46.44;45.85;45.19;44.48;43.71;42.9;42.04;41.14;40.19;39.21;38.2;37.15;36.07;34.96;33.83;32.68;31.51;30.32;29.12;27.91;26.68;25.44;24.19;22.94;21.68;20.42;19.15;17.88;16.6;15.33;14.05;12.77;11.5;10.22;8.941;7.663;6.385;5.108;3.831;2.554;1.277;0
0;1.436;2.872;4.309;5.746;7.183;8.62;10.06;11.5;12.94;14.37;15.81;17.25;18.69;20.12;21.55;22.98;24.41;25.83;27.24;28.65;30.04;31.43;32.81;34.16;35.51;36.83;38.13;39.41;40.66;41.88;43.07;44.23;45.34;46.41;47.44;48.41;49.33;50.2;51.01;51.76;52.44;53.05;53.6;54.07;54.46;54.78;55.02;55.18;55.26;55.26;55.18;55.02;54.78;54.46;54.07;53.6;53.05;52.44;51.76;51.01;50.2;49.33;48.41;47.44;46.41;45.34;44.23;43.07;41.88;40.66;39.41;38.13;36.83;35.51;34.16;32.81;31.43;30.04;28.65;27.24;25.83;24.41;22.98;21.55;20.12;18.69;17.25;15.81;14.37;12.94;11.5;10.06;8.62;7.183;5.746;4.309;2.872;1.436;0
0;1.595;3.191;4.787;6.383;7.98;9.578;11.18;12.77;14.37;15.97;17.57;19.17;20.77;22.37;23.96;25.55;27.14;28.72;30.3;31.86;33.42;34.97;36.5;38.02;39.52;41;42.46;43.89;45.29;46.65;47.99;49.28;50.53;51.73;52.88;53.97;55.01;55.99;56.9;57.74;58.5;59.19;59.8;60.33;60.78;61.14;61.41;61.59;61.68;61.68;61.59;61.41;61.14;60.78;60.33;59.8;59.19;58.5;57.74;56.9;55.99;55.01;53.97;52.88;51.73;50.53;49.28;47.99;46.65;45.29;43.89;42.46;41;39.52;38.02;36.5;34.97;33.42;31.86;30.3;28.72;27.14;25.55;23.96;22.37;20.77;19.17;17.57;15.97;14.37;12.77;11.18;9.578;7.98;6.383;4.787;3.191;1.595;0
0;1.755;3.509;5.265;7.02;8.777;10.53;12.29;14.05;15.81;17.57;19.33;21.09;22.85;24.61;26.37;28.13;29.88;31.62;33.36;35.09;36.81;38.52;40.22;41.9;43.56;45.19;46.81;48.39;49.94;51.46;52.94;54.37;55.76;57.1;58.38;59.6;60.75;61.84;62.85;63.79;64.64;65.41;66.09;66.68;67.18;67.58;67.88;68.08;68.19;68.19;68.08;67.88;67.58;67.18;66.68;66.09;65.41;64.64;63.79;62.85;61.84;60.75;59.6;58.38;57.1;55.76;54.37;52.94;51.46;49.94;48.39;46.81;45.19;43.56;41.9;40.22;38.52;36.81;35.09;33.36;31.62;29.88;28.13;26.37;24.61;22.85;21.09;19.33;17.57;15.81;14.05;12.29;10.53;8.777;7.02;5.265;3.509;1.755;0
0;1.914;3.827;5.742;7.657;9.573;11.49;13.41;15.33;17.25;19.17;21.09;23.02;24.94;26.86;28.78;30.7;32.62;34.53;36.43;38.33;40.21;42.09;43.95;45.79;47.61;49.41;51.19;52.93;54.64;56.31;57.94;59.52;61.05;62.52;63.93;65.28;66.56;67.76;68.88;69.92;70.86;71.72;72.47;73.13;73.68;74.12;74.46;74.68;74.8;74.8;74.68;74.46;74.12;73.68;73.13;72.47;71.72;70.86;69.92;68.88;67.76;66.56;65.28;63.93;62.52;61.05;59.52;57.94;56.31;54.64;52.93;51.19;49.41;47.61;45.79;43.95;42.09;40.21;38.33;36.43;34.53;32.62;30.7;28.78;26.86;24.94;23.02;21.09;19.17;17.25;15.33;13.41;11.49;9.573;7.657;5.742;3.827;1.914;0
0;2.072;4.145;6.218;8.292;10.37;12.44;14.52;16.6;18.69;20.77;22.85;24.94;27.03;29.11;31.2;33.28;35.36;37.44;39.51;41.57;43.63;45.67;47.7;49.7;51.69;53.66;55.59;57.5;59.37;61.19;62.98;64.71;66.39;68.01;69.56;71.04;72.44;73.76;75;76.14;77.18;78.12;78.96;79.68;80.29;80.78;81.15;81.39;81.52;81.52;81.39;81.15;80.78;80.29;79.68;78.96;78.12;77.18;76.14;75;73.76;72.44;71.04;69.56;68.01;66.39;64.71;62.98;61.19;59.37;57.5;55.59;53.66;51.69;49.7;47.7;45.67;43.63;41.57;39.51;37.44;35.36;33.28;31.2;29.11;27.03;24.94;22.85;20.77;18.69;16.6;14.52;12.44;10.37;8.292;6.218;4.145;2.072;0
0;2.231;4.462;6.693;8.926;11.16;13.4;15.64;17.88;20.12;22.37;24.61;26.86;29.11;31.36;33.62;35.87;38.12;40.36;42.6;44.83;47.05;49.26;51.46;53.64;55.8;57.93;60.03;62.1;64.14;66.13;68.07;69.96;71.79;73.56;75.25;76.87;78.41;79.86;81.21;82.46;83.6;84.64;85.55;86.34;87.01;87.55;87.96;88.23;88.37;88.37;88.23;87.96;87.55;87.01;86.34;85.55;84.64;83.6;82.46;81.21;79.86;78.41;76.87;75.25;73.56;71.79;69.96;68.07;66.13;64.14;62.1;60.03;57.93;55.8;53.64;51.46;49.26;47.05;44.83;42.6;40.36;38.12;35.87;33.62;31.36;29.11;26.86;24.61;22.37;20.12;17.88;15.64;13.4;11.16;8.926;6.693;4.462;2.231;0
0;2.388;4.777;7.167;9.559;11.95;14.35;16.75;19.15;21.55;23.96;26.37;28.78;31.2;33.62;36.03;38.45;40.87;43.28;45.69;48.1;50.49;52.87;55.24;57.59;59.92;62.23;64.51;66.75;68.95;71.11;73.22;75.27;77.26;79.18;81.03;82.79;84.46;86.04;87.52;88.88;90.14;91.26;92.27;93.13;93.87;94.46;94.9;95.2;95.35;95.35;95.2;94.9;94.46;93.87;93.13;92.27;91.26;90.14;88.88;87.52;86.04;84.46;82.79;81.03;79.18;77.26;75.27;73.22;71.11;68.95;66.75;64.51;62.23;59.92;57.59;55.24;52.87;50.49;48.1;45.69;43.28;40.87;38.45;36.03;33.62;31.2;28.78;26.37;23.96;21.55;19.15;16.75;14.35;11.95;9.559;7.167;4.777;2.388;0
0;2.546;5.092;7.64;10.19;12.74;15.3;17.85;20.42;22.98;25.55;28.13;30.7;33.28;35.87;38.45;41.04;43.63;46.21;48.79;51.37;53.94;56.5;59.04;61.57;64.08;66.56;69.01;71.43;73.81;76.14;78.42;80.64;82.79;84.88;86.88;88.79;90.61;92.33;93.94;95.43;96.79;98.02;99.11;100.1;100.9;101.5;102;102.3;102.5;102.5;102.3;102;101.5;100.9;100.1;99.11;98.02;96.79;95.43;93.94;92.33;90.61;88.79;86.88;84.88;82.79;80.64;78.42;76.14;73.81;71.43;69.01;66.56;64.08;61.57;59.04;56.5;53.94;51.37;48.79;46.21;43.63;41.04;38.45;35.87;33.28;30.7;28.13;25.55;22.98;20.42;17.85;15.3;12.74;10.19;7.64;5.092;2.546;0
0;2.703;5.406;8.111;10.82;13.53;16.24;18.96;21.68;24.41;27.14;29.88;32.62;35.36;38.12;40.87;43.63;46.38;49.14;51.9;54.65;57.4;60.14;62.86;65.57;68.26;70.92;73.55;76.15;78.71;81.22;83.68;86.08;88.4;90.65;92.82;94.9;96.87;98.73;100.5;102.1;103.6;104.9;106.1;107.1;108;108.7;109.2;109.6;109.8;109.8;109.6;109.2;108.7;108;107.1;106.1;104.9;103.6;102.1;100.5;98.73;96.87;94.9;92.82;90.65;88.4;86.08;83.68;81.22;78.71;76.15;73.55;70.92;68.26;65.57;62.86;60.14;57.4;54.65;51.9;49.14;46.38;43.63;40.87;38.12;35.36;32.62;29.88;27.14;24.41;21.68;18.96;16.24;13.53;10.82;8.111;5.406;2.703;0
0;2.859;5.718;8.579;11.44;14.31;17.18;20.06;22.94;25.83;28.72;31.62;34.53;37.44;40.36;43.28;46.21;49.14;52.08;55.01;57.94;60.87;63.79;66.69;69.59;72.46;75.31;78.13;80.92;83.66;86.36;89;91.58;94.09;96.52;98.86;101.1;103.2;105.2;107.1;108.9;110.5;112;113.3;114.4;115.3;116.1;116.7;117.1;117.3;117.3;117.1;116.7;116.1;115.3;114.4;113.3;112;110.5;108.9;107.1;105.2;103.2;101.1;98.86;96.52;94.09;91.58;89;86.36;83.66;80.92;78.13;75.31;72.46;69.59;66.69;63.79;60.87;57.94;55.01;52.08;49.14;46.21;43.28;40.36;37.44;34.53;31.62;28.72;25.83;22.94;20.06;17.18;14.31;11.44;8.579;5.718;2.859;0
0;3.014;6.028;9.045;12.06;15.09;18.12;21.15;24.19;27.24;30.3;33.36;36.43;39.51;42.6;45.69;48.79;51.9;55.01;58.12;61.23;64.34;67.45;70.54;73.62;76.69;79.73;82.74;85.72;88.66;91.55;94.38;97.15;99.85;102.5;105;107.4;109.7;111.9;113.9;115.8;117.6;119.2;120.6;121.8;122.8;123.7;124.3;124.7;124.9;124.9;124.7;124.3;123.7;122.8;121.8;120.6;119.2;117.6;115.8;113.9;111.9;109.7;107.4;105;102.5;99.85;97.15;94.38;91.55;88.66;85.72;82.74;79.73;76.69;73.62;70.54;67.45;64.34;61.23;58.12;55.01;51.9;48.79;45.69;42.6;39.51;36.43;33.36;30.3;27.24;24.19;21.15;18.12;15.09;12.06;9.045;6.028;3.014;0
0;3.168;6.336;9.508;12.68;15.86;19.05;22.24;25.44;28.65;31.86;35.09;38.33;41.57;44.83;48.1;51.37;54.65;57.94;61.23;64.53;67.82;71.12;74.4;77.68;80.93;84.17;87.39;90.57;93.71;96.8;99.83;102.8;105.7;108.5;111.2;113.8;116.3;118.7;120.9;122.9;124.8;126.6;128.1;129.4;130.5;131.4;132.1;132.6;132.8;132.8;132.6;132.1;131.4;130.5;129.4;128.1;126.6;124.8;122.9;120.9;118.7;116.3;113.8;111.2;108.5;105.7;102.8;99.83;96.8;93.71;90.57;87.39;84.17;80.93;77.68;74.4;71.12;67.82;64.53;61.23;57.94;54.65;51.37;48.1;44.83;41.57;38.33;35.09;31.86;28.65;25.44;22.24;19.05;15.86;12.68;9.508;6.336;3.168;0
0;3.32;6.642;9.967;13.3;16.63;19.97;23.32;26.68;30.04;33.42;36.81;40.21;43.63;47.05;50.49;53.94;57.4;60.87;64.34;67.82;71.31;74.79;78.27;81.74;85.2;88.65;92.06;95.45;98.8;102.1;105.3;108.5;111.6;114.6;117.6;120.4;123.1;125.6;128;130.2;132.3;134.1;135.8;137.2;138.4;139.4;140.2;140.7;140.9;140.9;140.7;140.2;139.4;138.4;137.2;135.8;134.1;132.3;130.2;128;125.6;123.1;120.4;117.6;114.6;111.6;108.5;105.3;102.1;98.8;95.45;92.06;88.65;85.2;81.74;78.27;74.79;71.31;67.82;64.34;60.87;57.4;53.94;50.49;47.05;43.63;40.21;36.81;33.42;30.04;26.68;23.32;19.97;16.63;13.3;9.967;6.642;3.32;0
0;3.472;6.945;10.42;13.9;17.39;20.89;24.39;27.91;31.43;34.97;38.52;42.09;45.67;49.26;52.87;56.5;60.14;63.79;67.45;71.12;74.79;78.47;82.15;85.82;89.49;93.14;96.77;100.4;103.9;107.5;110.9;114.3;117.6;120.9;124;127;129.9;132.7;135.3;137.7;139.9;141.9;143.7;145.3;146.6;147.7;148.5;149;149.3;149.3;149;148.5;147.7;146.6;145.3;143.7;141.9;139.9;137.7;135.3;132.7;129.9;127;124;120.9;117.6;114.3;110.9;107.5;103.9;100.4;96.77;93.14;89.49;85.82;82.15;78.47;74.79;71.12;67.45;63.79;60.14;56.5;52.87;49.26;45.67;42.09;38.52;34.97;31.43;27.91;24.39;20.89;17.39;13.9;10.42;6.945;3.472;0
0;3.621;7.245;10.87;14.5;18.14;21.79;25.45;29.12;32.81;36.5;40.22;43.95;47.7;51.46;55.24;59.04;62.86;66.69;70.54;74.4;78.27;82.15;86.03;89.91;93.79;97.66;101.5;105.3;109.1;112.9;116.6;120.2;123.8;127.2;130.6;133.8;136.9;139.9;142.7;145.3;147.7;149.9;151.8;153.5;155;156.2;157;157.6;157.9;157.9;157.6;157;156.2;155;153.5;151.8;149.9;147.7;145.3;142.7;139.9;136.9;133.8;130.6;127.2;123.8;120.2;116.6;112.9;109.1;105.3;101.5;97.66;93.79;89.91;86.03;82.15;78.27;74.4;70.54;66.69;62.86;59.04;55.24;51.46;47.7;43.95;40.22;36.5;32.81;29.12;25.45;21.79;18.14;14.5;10.87;7.245;3.621;0
0;3.769;7.541;11.32;15.1;18.89;22.69;26.5;30.32;34.16;38.02;41.9;45.79;49.7;53.64;57.59;61.57;65.57;69.59;73.62;77.68;81.74;85.82;89.91;94.01;98.1;102.2;106.3;110.3;114.3;118.3;122.3;126.2;130;133.7;137.3;140.8;144.1;147.3;150.3;153.1;155.7;158.1;160.2;162.1;163.7;164.9;165.9;166.6;166.9;166.9;166.6;165.9;164.9;163.7;162.1;160.2;158.1;155.7;153.1;150.3;147.3;144.1;140.8;137.3;133.7;130;126.2;122.3;118.3;114.3;110.3;106.3;102.2;98.1;94.01;89.91;85.82;81.74;77.68;73.62;69.59;65.57;61.57;57.59;53.64;49.7;45.79;41.9;38.02;34.16;30.32;26.5;22.69;18.89;15.1;11.32;7.541;3.769;0
0;3.915;7.833;11.75;15.68;19.62;23.57;27.53;31.51;35.51;39.52;43.56;47.61;51.69;55.8;59.92;64.08;68.26;72.46;76.69;80.93;85.2;89.49;93.79;98.1;102.4;106.7;111;115.3;119.6;123.9;128;132.2;136.2;140.2;144.1;147.8;151.4;154.9;158.1;161.2;164;166.6;168.9;170.9;172.6;174;175.1;175.8;176.2;176.2;175.8;175.1;174;172.6;170.9;168.9;166.6;164;161.2;158.1;154.9;151.4;147.8;144.1;140.2;136.2;132.2;128;123.9;119.6;115.3;111;106.7;102.4;98.1;93.79;89.49;85.2;80.93;76.69;72.46;68.26;64.08;59.92;55.8;51.69;47.61;43.56;39.52;35.51;31.51;27.53;23.57;19.62;15.68;11.75;7.833;3.915;0
0;4.059;8.12;12.19;16.26;20.34;24.44;28.55;32.68;36.83;41;45.19;49.41;53.66;57.93;62.23;66.56;70.92;75.31;79.73;84.17;88.65;93.14;97.66;102.2;106.7;111.3;115.8;120.4;124.9;129.4;133.9;138.3;142.6;146.9;151;155;158.9;162.6;166.2;169.5;172.5;175.3;177.9;180.1;181.9;183.5;184.6;185.4;185.8;185.8;185.4;184.6;183.5;181.9;180.1;177.9;175.3;172.5;169.5;166.2;162.6;158.9;155;151;146.9;142.6;138.3;133.9;129.4;124.9;120.4;115.8;111.3;106.7;102.2;97.66;93.14;88.65;84.17;79.73;75.31;70.92;66.56;62.23;57.93;53.66;49.41;45.19;41;36.83;32.68;28.55;24.44;20.34;16.26;12.19;8.12;4.059;0
0;4.2;8.402;12.61;16.83;21.05;25.3;29.56;33.83;38.13;42.46;46.81;51.19;55.59;60.03;64.51;69.01;73.55;78.13;82.74;87.39;92.06;96.77;101.5;106.3;111;115.8;120.6;125.4;130.2;135;139.8;144.4;149.1;153.6;158.1;162.4;166.6;170.6;174.4;178;181.3;184.4;187.1;189.5;191.6;193.3;194.5;195.4;195.8;195.8;195.4;194.5;193.3;191.6;189.5;187.1;184.4;181.3;178;174.4;170.6;166.6;162.4;158.1;153.6;149.1;144.4;139.8;135;130.2;125.4;120.6;115.8;111;106.3;101.5;96.77;92.06;87.39;82.74;78.13;73.55;69.01;64.51;60.03;55.59;51.19;46.81;42.46;38.13;33.83;29.56;25.3;21.05;16.83;12.61;8.402;4.2;0
0;4.338;8.678;13.03;17.38;21.75;26.14;30.54;34.96;39.41;43.89;48.39;52.93;57.5;62.1;66.75;71.43;76.15;80.92;85.72;90.57;95.45;100.4;105.3;110.3;115.3;120.4;125.4;130.5;135.6;140.6;145.7;150.7;155.6;160.5;165.2;169.9;174.4;178.7;182.9;186.8;190.4;193.7;196.7;199.4;201.6;203.4;204.8;205.8;206.3;206.3;205.8;204.8;203.4;201.6;199.4;196.7;193.7;190.4;186.8;182.9;178.7;174.4;169.9;165.2;160.5;155.6;150.7;145.7;140.6;135.6;130.5;125.4;120.4;115.3;110.3;105.3;100.4;95.45;90.57;85.72;80.92;76.15;71.43;66.75;62.1;57.5;52.93;48.39;43.89;39.41;34.96;30.54;26.14;21.75;17.38;13.03;8.678;4.338;0
0;4.473;8.949;13.43;17.92;22.43;26.96;31.5;36.07;40.66;45.29;49.94;54.64;59.37;64.14;68.95;73.81;78.71;83.66;88.66;93.71;98.8;103.9;109.1;114.3;119.6;124.9;130.2;135.6;140.9;146.3;151.6;157;162.2;167.4;172.5;177.5;182.4;187.1;191.6;195.8;199.7;203.4;206.7;209.6;212.1;214.1;215.6;216.7;217.2;217.2;216.7;215.6;214.1;212.1;209.6;206.7;203.4;199.7;195.8;191.6;187.1;182.4;177.5;172.5;167.4;162.2;157;151.6;146.3;140.9;135.6;130.2;124.9;119.6;114.3;109.1;103.9;98.8;93.71;88.66;83.66;78.71;73.81;68.95;64.14;59.37;54.64;49.94;45.29;40.66;36.07;31.5;26.96;22.43;17.92;13.43;8.949;4.473;0
0;4.604;9.212;13.83;18.45;23.1;27.76;32.44;37.15;41.88;46.65;51.46;56.31;61.19;66.13;71.11;76.14;81.22;86.36;91.55;96.8;102.1;107.5;112.9;118.3;123.9;129.4;135;140.6;146.3;152;157.6;163.3;168.9;174.5;179.9;185.3;190.6;195.6;200.5;205.1;209.4;213.4;217;220.2;223;225.2;226.9;228.1;228.6;228.6;228.1;226.9;225.2;223;220.2;217;213.4;209.4;205.1;200.5;195.6;190.6;185.3;179.9;174.5;168.9;163.3;157.6;152;146.3;140.6;135;129.4;123.9;118.3;112.9;107.5;102.1;96.8;91.55;86.36;81.22;76.14;71.11;66.13;61.19;56.31;51.46;46.65;41.88;37.15;32.44;27.76;23.1;18.45;13.83;9.212;4.604;0
0;4.732;9.467;14.21;18.97;23.74;28.53;33.35;38.2;43.07;47.99;52.94;57.94;62.98;68.07;73.22;78.42;83.68;89;94.38;99.83;105.3;110.9;116.6;122.3;128;133.9;139.8;145.7;151.6;157.6;163.6;169.6;175.6;181.6;187.5;193.2;198.9;204.4;209.7;214.7;219.4;223.8;227.8;231.3;234.4;236.9;238.8;240;240.7;240.7;240;238.8;236.9;234.4;231.3;227.8;223.8;219.4;214.7;209.7;204.4;198.9;193.2;187.5;181.6;175.6;169.6;163.6;157.6;151.6;145.7;139.8;133.9;128;122.3;116.6;110.9;105.3;99.83;94.38;89;83.68;78.42;73.22;68.07;62.98;57.94;52.94;47.99;43.07;38.2;33.35;28.53;23.74;18.97;14.21;9.467;4.732;0
0;4.855;9.715;14.58;19.47;24.36;29.29;34.23;39.21;44.23;49.28;54.37;59.52;64.71;69.96;75.27;80.64;86.08;91.58;97.15;102.8;108.5;114.3;120.2;126.2;132.2;138.3;144.4;150.7;157;163.3;169.6;176;182.4;188.8;195.1;201.3;207.4;213.4;219.1;224.6;229.8;234.6;239;242.9;246.3;249.1;251.2;252.6;253.4;253.4;252.6;251.2;249.1;246.3;242.9;239;234.6;229.8;224.6;219.1;213.4;207.4;201.3;195.1;188.8;182.4;176;169.6;163.3;157;150.7;144.4;138.3;132.2;126.2;120.2;114.3;108.5;102.8;97.15;91.58;86.08;80.64;75.27;69.96;64.71;59.52;54.37;49.28;44.23;39.21;34.23;29.29;24.36;19.47;14.58;9.715;4.855;0
0;4.974;9.953;14.94;19.94;24.97;30.01;35.09;40.19;45.34;50.53;55.76;61.05;66.39;71.79;77.26;82.79;88.4;94.09;99.85;105.7;111.6;117.6;123.8;130;136.2;142.6;149.1;155.6;162.2;168.9;175.6;182.4;189.2;196;202.7;209.5;216.1;222.5;228.8;234.8;240.5;245.9;250.7;255.1;258.9;262;264.4;266;266.8;266.8;266;264.4;262;258.9;255.1;250.7;245.9;240.5;234.8;228.8;222.5;216.1;209.5;202.7;196;189.2;182.4;175.6;168.9;162.2;155.6;149.1;142.6;136.2;130;123.8;117.6;111.6;105.7;99.85;94.09;88.4;82.79;77.26;71.79;66.39;61.05;55.76;50.53;45.34;40.19;35.09;30.01;24.97;19.94;14.94;9.953;4.974;0
0;5.089;10.18;15.29;20.41;25.55;30.71;35.91;41.14;46.41;51.73;57.1;62.52;68.01;73.56;79.18;84.88;90.65;96.52;102.5;108.5;114.6;120.9;127.2;133.7;140.2;146.9;153.6;160.5;167.4;174.5;181.6;188.8;196;203.2;210.5;217.7;224.9;231.9;238.7;245.3;251.6;257.5;263;267.9;272.1;275.6;278.3;280.1;281;281;280.1;278.3;275.6;272.1;267.9;263;257.5;251.6;245.3;238.7;231.9;224.9;217.7;210.5;203.2;196;188.8;181.6;174.5;167.4;160.5;153.6;146.9;140.2;133.7;127.2;120.9;114.6;108.5;102.5;96.52;90.65;84.88;79.18;73.56;68.01;62.52;57.1;51.73;46.41;41.14;35.91;30.71;25.55;20.41;15.29;10.18;5.089;0
0;5.198;10.4;15.62;20.85;26.1;31.38;36.69;42.04;47.44;52.88;58.38;63.93;69.56;75.25;81.03;86.88;92.82;98.86;105;111.2;117.6;124;130.6;137.3;144.1;151;158.1;165.2;172.5;179.9;187.5;195.1;202.7;210.5;218.3;226;233.8;241.4;248.9;256.2;263.1;269.7;275.8;281.3;286;290;293.1;295.2;296.2;296.2;295.2;293.1;290;286;281.3;275.8;269.7;263.1;256.2;248.9;241.4;233.8;226;218.3;210.5;202.7;195.1;187.5;179.9;172.5;165.2;158.1;151;144.1;137.3;130.6;124;117.6;111.2;105;98.86;92.82;86.88;81.03;75.25;69.56;63.93;58.38;52.88;47.44;42.04;36.69;31.38;26.1;20.85;15.62;10.4;5.198;0
0;5.302;10.61;15.93;21.27;26.62;32.01;37.44;42.9;48.41;53.97;59.6;65.28;71.04;76.87;82.79;88.79;94.9;101.1;107.4;113.8;120.4;127;133.8;140.8;147.8;155;162.4;169.9;177.5;185.3;193.2;201.3;209.5;217.7;226;234.4;242.8;251.1;259.3;267.3;275;282.3;289.2;295.4;300.8;305.3;308.8;311.3;312.5;312.5;311.3;308.8;305.3;300.8;295.4;289.2;282.3;275;267.3;259.3;251.1;242.8;234.4;226;217.7;209.5;201.3;193.2;185.3;177.5;169.9;162.4;155;147.8;140.8;133.8;127;120.4;113.8;107.4;101.1;94.9;88.79;82.79;76.87;71.04;65.28;59.6;53.97;48.41;42.9;37.44;32.01;26.62;21.27;15.93;10.61;5.302;0
0;5.4;10.81;16.22;21.66;27.12;32.61;38.14;43.71;49.33;55.01;60.75;66.56;72.44;78.41;84.46;90.61;96.87;103.2;109.7;116.3;123.1;129.9;136.9;144.1;151.4;158.9;166.6;174.4;182.4;190.6;198.9;207.4;216.1;224.9;233.8;242.8;251.8;260.9;269.9;278.7;287.3;295.5;303.2;310.2;316.4;321.7;325.7;328.5;330;330;328.5;325.7;321.7;316.4;310.2;303.2;295.5;287.3;278.7;269.9;260.9;251.8;242.8;233.8;224.9;216.1;207.4;198.9;190.6;182.4;174.4;166.6;158.9;151.4;144.1;136.9;129.9;123.1;116.3;109.7;103.2;96.87;90.61;84.46;78.41;72.44;66.56;60.75;55.01;49.33;43.71;38.14;32.61;27.12;21.66;16.22;10.81;5.4;0
0;5.492;10.99;16.5;22.03;27.59;33.18;38.8;44.48;50.2;55.99;61.84;67.76;73.76;79.86;86.04;92.33;98.73;105.2;111.9;118.7;125.6;132.7;139.9;147.3;154.9;162.6;170.6;178.7;187.1;195.6;204.4;213.4;222.5;231.9;241.4;251.1;260.9;270.7;280.6;290.3;299.9;309.1;317.9;325.9;333.1;339.2;343.9;347.2;348.9;348.9;347.2;343.9;339.2;333.1;325.9;317.9;309.1;299.9;290.3;280.6;270.7;260.9;251.1;241.4;231.9;222.5;213.4;204.4;195.6;187.1;178.7;170.6;162.6;154.9;147.3;139.9;132.7;125.6;118.7;111.9;105.2;98.73;92.33;86.04;79.86;73.76;67.76;61.84;55.99;50.2;44.48;38.8;33.18;27.59;22.03;16.5;10.99;5.492;0
0;5.578;11.16;16.76;22.38;28.02;33.7;39.42;45.19;51.01;56.9;62.85;68.88;75;81.21;87.52;93.94;100.5;107.1;113.9;120.9;128;135.3;142.7;150.3;158.1;166.2;174.4;182.9;191.6;200.5;209.7;219.1;228.8;238.7;248.9;259.3;269.9;280.6;291.4;302.2;312.9;323.3;333.2;342.5;350.8;358;363.6;367.5;369.5;369.5;367.5;363.6;358;350.8;342.5;333.2;323.3;312.9;302.2;291.4;280.6;269.9;259.3;248.9;238.7;228.8;219.1;209.7;200.5;191.6;182.9;174.4;166.2;158.1;150.3;142.7;135.3;128;120.9;113.9;107.1;100.5;93.94;87.52;81.21;75;68.88;62.85;56.9;51.01;45.19;39.42;33.7;28.02;22.38;16.76;11.16;5.578;0
0;5.657;11.32;17;22.7;28.42;34.19;39.99;45.85;51.76;57.74;63.79;69.92;76.14;82.46;88.88;95.43;102.1;108.9;115.8;122.9;130.2;137.7;145.3;153.1;161.2;169.5;178;186.8;195.8;205.1;214.7;224.6;234.8;245.3;256.2;267.3;278.7;290.3;302.2;314.1;326.1;337.8;349.2;360;369.8;378.3;385;389.8;392.2;392.2;389.8;385;378.3;369.8;360;349.2;337.8;326.1;314.1;302.2;290.3;278.7;267.3;256.2;245.3;234.8;224.6;214.7;205.1;195.8;186.8;178;169.5;161.2;153.1;145.3;137.7;130.2;122.9;115.8;108.9;102.1;95.43;88.88;82.46;76.14;69.92;63.79;57.74;51.76;45.85;39.99;34.19;28.42;22.7;17;11.32;5.657;0
0;5.729;11.46;17.21;22.99;28.79;34.63;40.51;46.44;52.44;58.5;64.64;70.86;77.18;83.6;90.14;96.79;103.6;110.5;117.6;124.8;132.3;139.9;147.7;155.7;164;172.5;181.3;190.4;199.7;209.4;219.4;229.8;240.5;251.6;263.1;275;287.3;299.9;312.9;326.1;339.4;352.8;365.9;378.4;390.1;400.3;408.5;414.4;417.4;417.4;414.4;408.5;400.3;390.1;378.4;365.9;352.8;339.4;326.1;312.9;299.9;287.3;275;263.1;251.6;240.5;229.8;219.4;209.4;199.7;190.4;181.3;172.5;164;155.7;147.7;139.9;132.3;124.8;117.6;110.5;103.6;96.79;90.14;83.6;77.18;70.86;64.64;58.5;52.44;46.44;40.51;34.63;28.79;22.99;17.21;11.46;5.729;0
0;5.793;11.59;17.41;23.25;29.12;35.02;40.98;46.98;53.05;59.19;65.41;71.72;78.12;84.64;91.26;98.02;104.9;112;119.2;126.6;134.1;141.9;149.9;158.1;166.6;175.3;184.4;193.7;203.4;213.4;223.8;234.6;245.9;257.5;269.7;282.3;295.5;309.1;323.3;337.8;352.8;367.9;383;397.8;411.7;424.2;434.5;441.9;445.7;445.7;441.9;434.5;424.2;411.7;397.8;383;367.9;352.8;337.8;323.3;309.1;295.5;282.3;269.7;257.5;245.9;234.6;223.8;213.4;203.4;193.7;184.4;175.3;166.6;158.1;149.9;141.9;134.1;126.6;119.2;112;104.9;98.02;91.26;84.64;78.12;71.72;65.41;59.19;53.05;46.98;40.98;35.02;29.12;23.25;17.41;11.59;5.793;0
0;5.85;11.71;17.58;23.48;29.41;35.37;41.39;47.46;53.6;59.8;66.09;72.47;78.96;85.55;92.27;99.11;106.1;113.3;120.6;128.1;135.8;143.7;151.8;160.2;168.9;177.9;187.1;196.7;206.7;217;227.8;239;250.7;263;275.8;289.2;303.2;317.9;333.2;349.2;365.9;383;400.5;417.9;434.8;450.3;463.4;472.9;478;478;472.9;463.4;450.3;434.8;417.9;400.5;383;365.9;349.2;333.2;317.9;303.2;289.2;275.8;263;250.7;239;227.8;217;206.7;196.7;187.1;177.9;168.9;160.2;151.8;143.7;135.8;128.1;120.6;113.3;106.1;99.11;92.27;85.55;78.96;72.47;66.09;59.8;53.6;47.46;41.39;35.37;29.41;23.48;17.58;11.71;5.85;0
0;5.9;11.81;17.73;23.68;29.66;35.68;41.75;47.87;54.07;60.33;66.68;73.13;79.68;86.34;93.13;100.1;107.1;114.4;121.8;129.4;137.2;145.3;153.5;162.1;170.9;180.1;189.5;199.4;209.6;220.2;231.3;242.9;255.1;267.9;281.3;295.4;310.2;325.9;342.5;360;378.4;397.8;417.9;438.6;459.2;478.7;495.8;508.6;515.6;515.6;508.6;495.8;478.7;459.2;438.6;417.9;397.8;378.4;360;342.5;325.9;310.2;295.4;281.3;267.9;255.1;242.9;231.3;220.2;209.6;199.4;189.5;180.1;170.9;162.1;153.5;145.3;137.2;129.4;121.8;114.4;107.1;100.1;93.13;86.34;79.68;73.13;66.68;60.33;54.07;47.87;41.75;35.68;29.66;23.68;17.73;11.81;5.9;0
0;5.941;11.89;17.86;23.85;29.87;35.93;42.05;48.22;54.46;60.78;67.18;73.68;80.29;87.01;93.87;100.9;108;115.3;122.8;130.5;138.4;146.6;155;163.7;172.6;181.9;191.6;201.6;212.1;223;234.4;246.3;258.9;272.1;286;300.8;316.4;333.1;350.8;369.8;390.1;411.7;434.8;459.2;484.4;509.5;532.5;550.5;560.5;560.5;550.5;532.5;509.5;484.4;459.2;434.8;411.7;390.1;369.8;350.8;333.1;316.4;300.8;286;272.1;258.9;246.3;234.4;223;212.1;201.6;191.6;181.9;172.6;163.7;155;146.6;138.4;130.5;122.8;115.3;108;100.9;93.87;87.01;80.29;73.68;67.18;60.78;54.46;48.22;42.05;35.93;29.87;23.85;17.86;11.89;5.941;0
0;5.975;11.96;17.96;23.98;30.04;36.14;42.29;48.5;54.78;61.14;67.58;74.12;80.78;87.55;94.46;101.5;108.7;116.1;123.7;131.4;139.4;147.7;156.2;164.9;174;183.5;193.3;203.4;214.1;225.2;236.9;249.1;262;275.6;290;305.3;321.7;339.2;358;378.3;400.3;424.2;450.3;478.7;509.5;541.9;573.9;600.7;616.4;616.4;600.7;573.9;541.9;509.5;478.7;450.3;424.2;400.3;378.3;358;339.2;321.7;305.3;290;275.6;262;249.1;236.9;225.2;214.1;203.4;193.3;183.5;174;164.9;156.2;147.7;139.4;131.4;123.7;116.1;108.7;101.5;94.46;87.55;80.78;74.12;67.58;61.14;54.78;48.5;42.29;36.14;30.04;23.98;17.96;11.96;5.975;0
0;6;12.01;18.03;24.08;30.17;36.29;42.47;48.71;55.02;61.41;67.88;74.46;81.15;87.96;94.9;102;109.2;116.7;124.3;132.1;140.2;148.5;157;165.9;175.1;184.6;194.5;204.8;215.6;226.9;238.8;251.2;264.4;278.3;293.1;308.8;325.7;343.9;363.6;385;408.5;434.5;463.4;495.8;532.5;573.9;619.5;662.5;690;690;662.5;619.5;573.9;532.5;495.8;463.4;434.5;408.5;385;363.6;343.9;325.7;308.8;293.1;278.3;264.4;251.2;238.8;226.9;215.6;204.8;194.5;184.6;175.1;165.9;157;148.5;140.2;132.1;124.3;116.7;109.2;102;94.9;87.96;81.15;74.46;67.88;61.41;55.02;48.71;42.47;36.29;30.17;24.08;18.03;12.01;6;0
0;6.017;12.04;18.08;24.15;30.25;36.4;42.59;48.85;55.18;61.59;68.08;74.68;81.39;88.23;95.2;102.3;109.6;117.1;124.7;132.6;140.7;149;157.6;166.6;175.8;185.4;195.4;205.8;216.7;228.1;240;252.6;266;280.1;295.2;311.3;328.5;347.2;367.5;389.8;414.4;441.9;472.9;508.6;550.5;600.7;662.5;739.8;797;797;739.8;662.5;600.7;550.5;508.6;472.9;441.9;414.4;389.8;367.5;347.2;328.5;311.3;295.2;280.1;266;252.6;240;228.1;216.7;205.8;195.4;185.4;175.8;166.6;157.6;149;140.7;132.6;124.7;117.1;109.6;102.3;95.2;88.23;81.39;74.68;68.08;61.59;55.18;48.85;42.59;36.4;30.25;24.15;18.08;12.04;6.017;0
0;6.025;12.06;18.11;24.19;30.3;36.45;42.66;48.92;55.26;61.68;68.19;74.8;81.52;88.37;95.35;102.5;109.8;117.3;124.9;132.8;140.9;149.3;157.9;166.9;176.2;185.8;195.8;206.3;217.2;228.6;240.7;253.4;266.8;281;296.2;312.5;330;348.9;369.5;392.2;417.4;445.7;478;515.6;560.5;616.4;690;797;1000;1000;797;690;616.4;560.5;515.6;478;445.7;417.4;392.2;369.5;348.9;330;312.5;296.2;281;266.8;253.4;240.7;228.6;217.2;206.3;195.8;185.8;176.2;166.9;157.9;149.3;140.9;132.8;124.9;117.3;109.8;102.5;95.35;88.37;81.52;74.8;68.19;61.68;55.26;48.92;42.66;36.45;30.3;24.19;18.11;12.06;6.025;0
0;6.025;12.06;18.11;24.19;30.3;36.45;42.66;48.92;55.26;61.68;68.19;74.8;81.52;88.37;95.35;102.5;109.8;117.3;124.9;132.8;140.9;149.3;157.9;166.9;176.2;185.8;195.8;206.3;217.2;228.6;240.7;253.4;266.8;281;296.2;312.5;330;348.9;369.5;392.2;417.4;445.7;478;515.6;560.5;616.4;690;797;1000;1000;797;690;616.4;560.5;515.6;478;445.7;417.4;392.2;369.5;348.9;330;312.5;296.2;281;266.8;253.4;240.7;228.6;217.2;206.3;195.8;185.8;176.2;166.9;157.9;149.3;140.9;132.8;124.9;117.3;109.8;102.5;95.35;88.37;81.52;74.8;68.19;61.68;55.26;48.92;42.66;36.45;30.3;24.19;18.11;12.06;6.025;0
0;6.017;12.04;18.08;24.15;30.25;36.4;42.59;48.85;55.18;61.59;68.08;74.68;81.39;88.23;95.2;102.3;109.6;117.1;124.7;132.6;140.7;149;157.6;166.6;175.8;185.4;195.4;205.8;216.7;228.1;240;252.6;266;280.1;295.2;311.3;328.5;347.2;367.5;389.8;414.4;441.9;472.9;508.6;550.5;600.7;662.5;739.8;797;797;739.8;662.5;600.7;550.5;508.6;472.9;441.9;414.4;389.8;367.5;347.2;328.5;311.3;295.2;280.1;266;252.6;240;228.1;216.7;205.8;195.4;185.4;175.8;166.6;157.6;149;140.7;132.6;124.7;117.1;109.6;102.3;95.2;88.23;81.39;74.68;68.08;61.59;55.18;48.85;42.59;36.4;30.25;24.15;18.08;12.04;6.017;0
0;6;12.01;18.03;24.08;30.17;36.29;42.47;48.71;55.02;61.41;67.88;74.46;81.15;87.96;94.9;102;109.2;116.7;124.3;132.1;140.2;148.5;157;165.9;175.1;184.6;194.5;204.8;215.6;226.9;238.8;251.2;264.4;278.3;293.1;308.8;325.7;343.9;363.6;385;408.5;434.5;463.4;495.8;532.5;573.9;619.5;662.5;690;690;662.5;619.5;573.9;532.5;495.8;463.4;434.5;408.5;385;363.6;343.9;325.7;308.8;293.1;278.3;264.4;251.2;238.8;226.9;215.6;204.8;194.5;184.6;175.1;165.9;157;148.5;140.2;132.1;124.3;116.7;109.2;102;94.9;87.96;81.15;74.46;67.88;61.41;55.02;48.71;42.47;36.29;30.17;24.08;18.03;12.01;6;0
0;5.975;11.96;17.96;23.98;30.04;36.14;42.29;48.5;54.78;61.14;67.58;74.12;80.78;87.55;94.46;101.5;108.7;116.1;123.7;131.4;139.4;147.7;156.2;164.9;174;183.5;193.3;203.4;214.1;225.2;236.9;249.1;262;275.6;290;305.3;321.7;339.2;358;378.3;400.3;424.2;450.3;478.7;509.5;541.9;573.9;600.7;616.4;616.4;600.7;573.9;541.9;509.5;478.7;450.3;424.2;400.3;378.3;358;339.2;321.7;305.3;290;275.6;262;249.1;236.9;225.2;214.1;203.4;193.3;183.5;174;164.9;156.2;147.7;139.4;131.4;123.7;116.1;108.7;101.5;94.46;87.55;80.78;74.12;67.58;61.14;54.78;48.5;42.29;36.14;30.04;23.98;17.96;11.96;5.975;0
0;5.941;11.89;17.86;23.85;29.87;35.93;42.05;48.22;54.46;60.78;67.18;73.68;80.29;87.01;93.87;100.9;108;115.3;122.8;130.5;138.4;146.6;155;163.7;172.6;181.9;191.6;201.6;212.1;223;234.4;246.3;258.9;272.1;286;300.8;316.4;333.1;350.8;369.8;390.1;411.7;434.8;459.2;484.4;509.5;532.5;550.5;560.5;560.5;550.5;532.5;509.5;484.4;459.2;434.8;411.7;390.1;369.8;350.8;333.1;316.4;300.8;286;272.1;258.9;246.3;234.4;223;212.1;201.6;191.6;181.9;172.6;163.7;155;146.6;138.4;130.5;122.8;115.3;108;100.9;93.87;87.01;80.29;73.68;67.18;60.78;54.46;48.22;42.05;35.93;29.87;23.85;17.86;11.89;5.941;0
0;5.9;11.81;17.73;23.68;29.66;35.68;41.75;47.87;54.07;60.33;66.68;73.13;79.68;86.34;93.13;100.1;107.1;114.4;121.8;129.4;137.2;145.3;153.5;162.1;170.9;180.1;189.5;199.4;209.6;220.2;231.3;242.9;255.1;267.9;281.3;295.4;310.2;325.9;342.5;360;378.4;397.8;417.9;438.6;459.2;478.7;495.8;508.6;515.6;515.6;508.6;495.8;478.7;459.2;438.6;417.9;397.8;378.4;360;342.5;325.9;310.2;295.4;281.3;267.9;255.1;242.9;231.3;220.2;209.6;199.4;189.5;180.1;170.9;162.1;153.5;145.3;137.2;129.4;121.8;114.4;107.1;100.1;93.13;86.34;79.68;73.13;66.68;60.33;54.07;47.87;41.75;35.68;29.66;23.68;17.73;11.81;5.9;0
0;5.85;11.71;17.58;23.48;29.41;35.37;41.39;47.46;53.6;59.8;66.09;72.47;78.96;85.55;92.27;99.11;106.1;113.3;120.6;128.1;135.8;143.7;151.8;160.2;168.9;177.9;187.1;196.7;206.7;217;227.8;239;250.7;263;275.8;289.2;303.2;317.9;333.2;349.2;365.9;383;400.5;417.9;434.8;450.3;463.4;472.9;478;478;472.9;463.4;450.3;434.8;417.9;400.5;383;365.9;349.2;333.2;317.9;303.2;289.2;275.8;263;250.7;239;227.8;217;206.7;196.7;187.1;177.9;168.9;160.2;151.8;143.7;135.8;128.1;120.6;113.3;106.1;99.11;92.27;85.55;78.96;72.47;66.09;59.8;53.6;47.46;41.39;35.37;29.41;23.48;17.58;11.71;5.85;0
0;5.793;11.59;17.41;23.25;29.12;35.02;40.98;46.98;53.05;59.19;65.41;71.72;78.12;84.64;91.26;98.02;104.9;112;119.2;126.6;134.1;141.9;149.9;158.1;166.6;175.3;184.4;193.7;203.4;213.4;223.8;234.6;245.9;257.5;269.7;282.3;295.5;309.1;323.3;337.8;352.8;367.9;383;397.8;411.7;424.2;434.5;441.9;445.7;445.7;441.9;434.5;424.2;411.7;397.8;383;367.9;352.8;337.8;323.3;309.1;295.5;282.3;269.7;257.5;245.9;234.6;223.8;213.4;203.4;193.7;184.4;175.3;166.6;158.1;149.9;141.9;134.1;126.6;119.2;112;104.9;98.02;91.26;84.64;78.12;71.72;65.41;59.19;53.05;46.98;40.98;35.02;29.12;23.25;17.41;11.59;5.793;0
0;5.729;11.46;17.21;22.99;28.79;34.63;40.51;46.44;52.44;58.5;64.64;70.86;77.18;83.6;90.14;96.79;103.6;110.5;117.6;124.8;132.3;139.9;147.7;155.7;164;172.5;181.3;190.4;199.7;209.4;219.4;229.8;240.5;251.6;263.1;275;287.3;299.9;312.9;326.1;339.4;352.8;365.9;378.4;390.1;400.3;408.5;414.4;417.4;417.4;414.4;408.5;400.3;390.1;378.4;365.9;352.8;339.4;326.1;312.9;299.9;287.3;275;263.1;251.6;240.5;229.8;219.4;209.4;199.7;190.4;181.3;172.5;164;155.7;147.7;139.9;132.3;124.8;117.6;110.5;103.6;96.79;90.14;83.6;77.18;70.86;64.64;58.5;52.44;46.44;40.51;34.63;28.79;22.99;17.21;11.46;5.729;0
0;5.657;11.32;17;22.7;28.42;34.19;39.99;45.85;51.76;57.74;63.79;69.92;76.14;82.46;88.88;95.43;102.1;108.9;115.8;122.9;130.2;137.7;145.3;153.1;161.2;169.5;178;186.8;195.8;205.1;214.7;224.6;234.8;245.3;256.2;267.3;278.7;290.3;302.2;314.1;326.1;337.8;349.2;360;369.8;378.3;385;389.8;392.2;392.2;389.8;385;378.3;369.8;360;349.2;337.8;326.1;314.1;302.2;290.3;278.7;267.3;256.2;245.3;234.8;224.6;214.7;205.1;195.8;186.8;178;169.5;161.2;153.1;145.3;137.7;130.2;122.9;115.8;108.9;102.1;95.43;88.88;82.46;76.14;69.92;63.79;57.74;51.76;45.85;39.99;34.19;28.42;22.7;17;11.32;5.657;0
0;5.578;11.16;16.76;22.38;28.02;33.7;39.42;45.19;51.01;56.9;62.85;68.88;75;81.21;87.52;93.94;100.5;107.1;113.9;120.9;128;135.3;142.7;150.3;158.1;166.2;174.4;182.9;191.6;200.5;209.7;219.1;228.8;238.7;248.9;259.3;269.9;280.6;291.4;302.2;312.9;323.3;333.2;342.5;350.8;358;363.6;367.5;369.5;369.5;367.5;363.6;358;350.8;342.5;333.2;323.3;312.9;302.2;291.4;280.6;269.9;259.3;248.9;238.7;228.8;219.1;209.7;200.5;191.6;182.9;174.4;166.2;158.1;150.3;142.7;135.3;128;120.9;113.9;107.1;100.5;93.94;87.52;81.21;75;68.88;62.85;56.9;51.01;45.19;39.42;33.7;28.02;22.38;16.76;11.16;5.578;0
0;5.492;10.99;16.5;22.03;27.59;33.18;38.8;44.48;50.2;55.99;61.84;67.76;73.76;79.86;86.04;92.33;98.73;105.2;111.9;118.7;125.6;132.7;139.9;147.3;154.9;162.6;170.6;178.7;187.1;195.6;204.4;213.4;222.5;231.9;241.4;251.1;260.9;270.7;280.6;290.3;299.9;309.1;317.9;325.9;333.1;339.2;343.9;347.2;348.9;348.9;347.2;343.9;339.2;333.1;325.9;317.9;309.1;299.9;290.3;280.6;270.7;260.9;251.1;241.4;231.9;222.5;213.4;204.4;195.6;187.1;178.7;170.6;162.6;154.9;147.3;139.9;132.7;125.6;118.7;111.9;105.2;98.73;92.33;86.04;79.86;73.76;67.76;61.84;55.99;50.2;44.48;38.8;33.18;27.59;22.03;16.5;10.99;5.492;0
0;5.4;10.81;16.22;21.66;27.12;32.61;38.14;43.71;49.33;55.01;60.75;66.56;72.44;78.41;84.46;90.61;96.87;103.2;109.7;116.3;123.1;129.9;136.9;144.1;151.4;158.9;166.6;174.4;182.4;190.6;198.9;207.4;216.1;224.9;233.8;242.8;251.8;260.9;269.9;278.7;287.3;295.5;303.2;310.2;316.4;321.7;325.7;328.5;330;330;328.5;325.7;321.7;316.4;310.2;303.2;295.5;287.3;278.7;269.9;260.9;251.8;242.8;233.8;224.9;216.1;207.4;198.9;190.6;182.4;174.4;166.6;158.9;151.4;144.1;136.9;129.9;123.1;116.3;109.7;103.2;96.87;90.61;84.46;78.41;72.44;66.56;60.75;55.01;49.33;43.71;38.14;32.61;27.12;21.66;16.22;10.81;5.4;0
0;5.302;10.61;15.93;21.27;26.62;32.01;37.44;42.9;48.41;53.97;59.6;65.28;71.04;76.87;82.79;88.79;94.9;101.1;107.4;113.8;120.4;127;133.8;140.8;147.8;155;162.4;169.9;177.5;185.3;193.2;201.3;209.5;217.7;226;234.4;242.8;251.1;259.3;267.3;275;282.3;289.2;295.4;300.8;305.3;308.8;311.3;312.5;312.5;311.3;308.8;305.3;300.8;295.4;289.2;282.3;275;267.3;259.3;251.1;242.8;234.4;226;217.7;209.5;201.3;193.2;185.3;177.5;169.9;162.4;155;147.8;140.8;133.8;127;120.4;113.8;107.4;101.1;94.9;88.79;82.79;76.87;71.04;65.28;59.6;53.97;48.41;42.9;37.44;32.01;26.62;21.27;15.93;10.61;5.302;0
0;5.198;10.4;15.62;20.85;26.1;31.38;36.69;42.04;47.44;52.88;58.38;63.93;69.56;75.25;81.03;86.88;92.82;98.86;105;111.2;117.6;124;130.6;137.3;144.1;151;158.1;165.2;172.5;179.9;187.5;195.1;202.7;210.5;218.3;226;233.8;241.4;248.9;256.2;263.1;269.7;275.8;281.3;286;290;293.1;295.2;296.2;296.2;295.2;293.1;290;286;281.3;275.8;269.7;263.1;256.2;248.9;241.4;233.8;226;218.3;210.5;202.7;195.1;187.5;179.9;172.5;165.2;158.1;151;144.1;137.3;130.6;124;117.6;111.2;105;98.86;92.82;86.88;81.03;75.25;69.56;63.93;58.38;52.88;47.44;42.04;36.69;31.38;26.1;20.85;15.62;10.4;5.198;0
0;5.089;10.18;15.29;20.41;25.55;30.71;35.91;41.14;46.41;51.73;57.1;62.52;68.01;73.56;79.18;84.88;90.65;96.52;102.5;108.5;114.6;120.9;127.2;133.7;140.2;146.9;153.6;160.5;167.4;174.5;181.6;188.8;196;203.2;210.5;217.7;224.9;231.9;238.7;245.3;251.6;257.5;263;267.9;272.1;275.6;278.3;280.1;281;281;280.1;278.3;275.6;272.1;267.9;263;257.5;251.6;245.3;238.7;231.9;224.9;217.7;210.5;203.2;196;188.8;181.6;174.5;167.4;160.5;153.6;146.9;140.2;133.7;127.2;120.9;114.6;108.5;102.5;96.52;90.65;84.88;79.18;73.56;68.01;62.52;57.1;51.73;46.41;41.14;35.91;30.71;25.55;20.41;15.29;10.18;5.089;0
0;4.974;9.953;14.94;19.94;24.97;30.01;35.09;40.19;45.34;50.53;55.76;61.05;66.39;71.79;77.26;82.79;88.4;94.09;99.85;105.7;111.6;117.6;123.8;130;136.2;142.6;149.1;155.6;162.2;168.9;175.6;182.4;189.2;196;202.7;209.5;216.1;222.5;228.8;234.8;240.5;245.9;250.7;255.1;258.9;262;264.4;266;266.8;266.8;266;264.4;262;258.9;255.1;250.7;245.9;240.5;234.8;228.8;222.5;216.1;209.5;202.7;196;189.2;182.4;175.6;168.9;162.2;155.6;149.1;142.6;136.2;130;123.8;117.6;111.6;105.7;99.85;94.09;88.4;82.79;77.26;71.79;66.39;61.05;55.76;50.53;45.34;40.19;35.09;30.01;24.97;19.94;14.94;9.953;4.974;0
0;4.855;9.715;14.58;19.47;24.36;29.29;34.23;39.21;44.23;49.28;54.37;59.52;64.71;69.96;75.27;80.64;86.08;91.58;97.15;102.8;108.5;114.3;120.2;126.2;132.2;138.3;144.4;150.7;157;163.3;169.6;176;182.4;188.8;195.1;201.3;207.4;213.4;219.1;224.6;229.8;234.6;239;242.9;246.3;249.1;251.2;252.6;253.4;253.4;252.6;251.2;249.1;246.3;242.9;239;234.6;229.8;224.6;219.1;213.4;207.4;201.3;195.1;188.8;182.4;176;169.6;163.3;157;150.7;144.4;138.3;132.2;126.2;120.2;114.3;108.5;102.8;97.15;91.58;86.08;80.64;75.27;69.96;64.71;59.52;54.37;49.28;44.23;39.21;34.23;29.29;24.36;19.47;14.58;9.715;4.855;0
0;4.732;9.467;14.21;18.97;23.74;28.53;33.35;38.2;43.07;47.99;52.94;57.94;62.98;68.07;73.22;78.42;83.68;89;94.38;99.83;105.3;110.9;116.6;122.3;128;133.9;139.8;145.7;151.6;157.6;163.6;169.6;175.6;181.6;187.5;193.2;198.9;204.4;209.7;214.7;219.4;223.8;227.8;231.3;234.4;236.9;238.8;240;240.7;240.7;240;238.8;236.9;234.4;231.3;227.8;223.8;219.4;214.7;209.7;204.4;198.9;193.2;187.5;181.6;175.6;169.6;163.6;157.6;151.6;145.7;139.8;133.9;128;122.3;116.6;110.9;105.3;99.83;94.38;89;83.68;78.42;73.22;68.07;62.98;57.94;52.94;47.99;43.07;38.2;33.35;28.53;23.74;18.97;14.21;9.467;4.732;0
